1000 2000
0 1 38
1 2 80
2 3 96
3 4 19
4 5 74
5 6 78
6 7 60
7 8 60
8 9 16
9 10 45
10 11 16
11 12 10
12 13 6
13 14 46
14 15 87
15 16 34
16 17 61
17 18 15
18 19 71
19 20 66
20 21 3
21 22 6
22 23 97
23 24 73
24 25 84
25 26 94
26 27 22
27 28 1
28 29 19
29 30 100
30 31 19
31 32 62
32 33 31
33 34 62
34 35 53
35 36 1
36 37 44
37 38 3
38 39 30
39 40 53
40 41 62
41 42 40
42 43 14
43 44 5
44 45 30
45 46 98
46 47 37
47 48 24
48 49 46
49 50 10
50 51 79
51 52 62
52 53 20
53 54 39
54 55 52
55 56 99
56 57 60
57 58 47
58 59 5
59 60 86
60 61 61
61 62 69
62 63 18
63 64 46
64 65 7
65 66 2
66 67 95
67 68 95
68 69 97
69 70 57
70 71 81
71 72 39
72 73 31
73 74 2
74 75 10
75 76 24
76 77 69
77 78 25
78 79 45
79 80 69
80 81 13
81 82 61
82 83 50
83 84 84
84 85 4
85 86 18
86 87 91
87 88 40
88 89 26
89 90 19
90 91 67
91 92 76
92 93 32
93 94 43
94 95 53
95 96 21
96 97 55
97 98 57
98 99 19
99 100 4
100 101 97
101 102 85
102 103 78
103 104 45
104 105 94
105 106 40
106 107 90
107 108 93
108 109 60
109 110 73
110 111 93
111 112 33
112 113 9
113 114 58
114 115 20
115 116 53
116 117 5
117 118 97
118 119 33
119 120 85
120 121 39
121 122 75
122 123 28
123 124 54
124 125 83
125 126 59
126 127 36
127 128 97
128 129 29
129 130 61
130 131 55
131 132 28
132 133 15
133 134 30
134 135 81
135 136 17
136 137 8
137 138 2
138 139 99
139 140 43
140 141 78
141 142 40
142 143 20
143 144 30
144 145 1
145 146 2
146 147 82
147 148 20
148 149 71
149 150 72
150 151 73
151 152 80
152 153 78
153 154 61
154 155 8
155 156 93
156 157 36
157 158 66
158 159 12
159 160 92
160 161 87
161 162 86
162 163 63
163 164 45
164 165 34
165 166 10
166 167 7
167 168 38
168 169 32
169 170 67
170 171 33
171 172 67
172 173 73
173 174 60
174 175 64
175 176 28
176 177 89
177 178 57
178 179 48
179 180 39
180 181 12
181 182 98
182 183 72
183 184 85
184 185 77
185 186 73
186 187 57
187 188 24
188 189 78
189 190 26
190 191 50
191 192 5
192 193 53
193 194 72
194 195 43
195 196 12
196 197 3
197 198 44
198 199 11
199 200 21
200 201 4
201 202 90
202 203 64
203 204 48
204 205 32
205 206 57
206 207 51
207 208 70
208 209 91
209 210 14
210 211 25
211 212 61
212 213 42
213 214 54
214 215 76
215 216 21
216 217 23
217 218 95
218 219 8
219 220 60
220 221 29
221 222 70
222 223 17
223 224 89
224 225 93
225 226 63
226 227 81
227 228 30
228 229 64
229 230 11
230 231 88
231 232 46
232 233 81
233 234 22
234 235 19
235 236 42
236 237 90
237 238 89
238 239 54
239 240 33
240 241 81
241 242 13
242 243 90
243 244 36
244 245 32
245 246 91
246 247 12
247 248 28
248 249 23
249 250 65
250 251 43
251 252 1
252 253 82
253 254 36
254 255 87
255 256 31
256 257 1
257 258 17
258 259 52
259 260 54
260 261 42
261 262 49
262 263 23
263 264 70
264 265 12
265 266 27
266 267 34
267 268 25
268 269 95
269 270 17
270 271 33
271 272 22
272 273 52
273 274 56
274 275 71
275 276 41
276 277 37
277 278 7
278 279 98
279 280 26
280 281 97
281 282 25
282 283 26
283 284 70
284 285 50
285 286 72
286 287 31
287 288 15
288 289 29
289 290 100
290 291 4
291 292 27
292 293 61
293 294 98
294 295 51
295 296 42
296 297 6
297 298 4
298 299 28
299 300 35
300 301 91
301 302 64
302 303 24
303 304 69
304 305 15
305 306 54
306 307 49
307 308 45
308 309 99
309 310 56
310 311 25
311 312 60
312 313 68
313 314 9
314 315 77
315 316 37
316 317 24
317 318 25
318 319 73
319 320 81
320 321 37
321 322 48
322 323 64
323 324 99
324 325 64
325 326 40
326 327 54
327 328 82
328 329 10
329 330 80
330 331 84
331 332 16
332 333 33
333 334 51
334 335 19
335 336 70
336 337 5
337 338 86
338 339 60
339 340 33
340 341 68
341 342 23
342 343 2
343 344 72
344 345 52
345 346 81
346 347 23
347 348 35
348 349 65
349 350 10
350 351 18
351 352 95
352 353 70
353 354 40
354 355 39
355 356 52
356 357 94
357 358 84
358 359 14
359 360 68
360 361 35
361 362 74
362 363 12
363 364 21
364 365 93
365 366 55
366 367 88
367 368 70
368 369 26
369 370 23
370 371 66
371 372 18
372 373 82
373 374 99
374 375 56
375 376 52
376 377 53
377 378 27
378 379 25
379 380 100
380 381 10
381 382 97
382 383 90
383 384 56
384 385 91
385 386 89
386 387 64
387 388 19
388 389 34
389 390 28
390 391 35
391 392 71
392 393 73
393 394 85
394 395 90
395 396 86
396 397 89
397 398 41
398 399 78
399 400 89
400 401 65
401 402 86
402 403 9
403 404 94
404 405 17
405 406 79
406 407 90
407 408 67
408 409 61
409 410 59
410 411 1
411 412 38
412 413 11
413 414 95
414 415 67
415 416 98
416 417 1
417 418 29
418 419 17
419 420 31
420 421 55
421 422 49
422 423 70
423 424 45
424 425 66
425 426 100
426 427 23
427 428 18
428 429 72
429 430 2
430 431 24
431 432 50
432 433 33
433 434 18
434 435 75
435 436 37
436 437 65
437 438 75
438 439 85
439 440 73
440 441 66
441 442 31
442 443 57
443 444 55
444 445 10
445 446 51
446 447 37
447 448 64
448 449 27
449 450 26
450 451 25
451 452 59
452 453 98
453 454 98
454 455 40
455 456 49
456 457 90
457 458 91
458 459 64
459 460 44
460 461 80
461 462 36
462 463 51
463 464 65
464 465 58
465 466 67
466 467 50
467 468 87
468 469 20
469 470 24
470 471 73
471 472 50
472 473 29
473 474 58
474 475 3
475 476 77
476 477 65
477 478 5
478 479 18
479 480 100
480 481 95
481 482 47
482 483 96
483 484 28
484 485 92
485 486 89
486 487 38
487 488 75
488 489 2
489 490 96
490 491 93
491 492 34
492 493 43
493 494 56
494 495 97
495 496 58
496 497 97
497 498 99
498 499 86
499 500 8
500 501 30
501 502 31
502 503 39
503 504 20
504 505 86
505 506 27
506 507 32
507 508 49
508 509 17
509 510 38
510 511 56
511 512 40
512 513 94
513 514 85
514 515 70
515 516 94
516 517 58
517 518 8
518 519 10
519 520 21
520 521 62
521 522 68
522 523 100
523 524 36
524 525 15
525 526 26
526 527 52
527 528 30
528 529 88
529 530 33
530 531 75
531 532 85
532 533 70
533 534 14
534 535 71
535 536 71
536 537 36
537 538 56
538 539 30
539 540 30
540 541 81
541 542 42
542 543 82
543 544 26
544 545 87
545 546 62
546 547 92
547 548 9
548 549 52
549 550 1
550 551 51
551 552 63
552 553 80
553 554 20
554 555 65
555 556 8
556 557 71
557 558 40
558 559 80
559 560 6
560 561 90
561 562 89
562 563 34
563 564 3
564 565 38
565 566 58
566 567 10
567 568 44
568 569 58
569 570 68
570 571 4
571 572 33
572 573 47
573 574 16
574 575 55
575 576 99
576 577 29
577 578 84
578 579 60
579 580 87
580 581 4
581 582 26
582 583 4
583 584 4
584 585 83
585 586 31
586 587 37
587 588 54
588 589 13
589 590 33
590 591 53
591 592 83
592 593 77
593 594 28
594 595 22
595 596 97
596 597 63
597 598 46
598 599 9
599 600 85
600 601 6
601 602 20
602 603 54
603 604 42
604 605 55
605 606 70
606 607 64
607 608 14
608 609 73
609 610 14
610 611 98
611 612 97
612 613 52
613 614 72
614 615 33
615 616 5
616 617 80
617 618 40
618 619 28
619 620 44
620 621 44
621 622 75
622 623 8
623 624 26
624 625 3
625 626 19
626 627 97
627 628 9
628 629 84
629 630 43
630 631 70
631 632 69
632 633 41
633 634 6
634 635 18
635 636 92
636 637 16
637 638 45
638 639 26
639 640 24
640 641 55
641 642 10
642 643 72
643 644 19
644 645 67
645 646 94
646 647 28
647 648 64
648 649 96
649 650 52
650 651 74
651 652 66
652 653 56
653 654 44
654 655 62
655 656 74
656 657 42
657 658 5
658 659 25
659 660 57
660 661 36
661 662 16
662 663 76
663 664 13
664 665 2
665 666 35
666 667 12
667 668 10
668 669 5
669 670 10
670 671 5
671 672 32
672 673 86
673 674 98
674 675 71
675 676 18
676 677 48
677 678 2
678 679 10
679 680 77
680 681 50
681 682 81
682 683 48
683 684 35
684 685 18
685 686 47
686 687 44
687 688 65
688 689 40
689 690 5
690 691 62
691 692 95
692 693 64
693 694 89
694 695 5
695 696 27
696 697 38
697 698 2
698 699 63
699 700 94
700 701 51
701 702 51
702 703 86
703 704 54
704 705 66
705 706 69
706 707 17
707 708 62
708 709 8
709 710 95
710 711 65
711 712 95
712 713 3
713 714 87
714 715 59
715 716 64
716 717 95
717 718 81
718 719 58
719 720 68
720 721 39
721 722 58
722 723 65
723 724 13
724 725 46
725 726 82
726 727 55
727 728 83
728 729 95
729 730 63
730 731 39
731 732 83
732 733 97
733 734 66
734 735 91
735 736 21
736 737 20
737 738 28
738 739 7
739 740 22
740 741 11
741 742 38
742 743 2
743 744 4
744 745 10
745 746 62
746 747 69
747 748 34
748 749 8
749 750 66
750 751 32
751 752 39
752 753 85
753 754 69
754 755 3
755 756 35
756 757 82
757 758 27
758 759 29
759 760 50
760 761 12
761 762 70
762 763 70
763 764 35
764 765 63
765 766 94
766 767 88
767 768 4
768 769 74
769 770 42
770 771 81
771 772 97
772 773 29
773 774 55
774 775 18
775 776 43
776 777 76
777 778 57
778 779 81
779 780 58
780 781 100
781 782 74
782 783 42
783 784 13
784 785 38
785 786 26
786 787 78
787 788 59
788 789 35
789 790 87
790 791 94
791 792 57
792 793 86
793 794 24
794 795 43
795 796 68
796 797 76
797 798 74
798 799 76
799 800 24
800 801 11
801 802 38
802 803 91
803 804 54
804 805 51
805 806 50
806 807 83
807 808 39
808 809 33
809 810 30
810 811 90
811 812 10
812 813 39
813 814 6
814 815 2
815 816 96
816 817 91
817 818 85
818 819 10
819 820 36
820 821 32
821 822 96
822 823 96
823 824 68
824 825 96
825 826 49
826 827 58
827 828 50
828 829 64
829 830 9
830 831 45
831 832 10
832 833 30
833 834 61
834 835 33
835 836 56
836 837 68
837 838 22
838 839 76
839 840 95
840 841 80
841 842 79
842 843 79
843 844 12
844 845 10
845 846 94
846 847 50
847 848 98
848 849 6
849 850 100
850 851 55
851 852 6
852 853 45
853 854 74
854 855 89
855 856 55
856 857 36
857 858 71
858 859 12
859 860 97
860 861 15
861 862 69
862 863 77
863 864 84
864 865 62
865 866 87
866 867 11
867 868 84
868 869 9
869 870 43
870 871 71
871 872 23
872 873 8
873 874 40
874 875 83
875 876 90
876 877 71
877 878 15
878 879 9
879 880 52
880 881 9
881 882 24
882 883 99
883 884 59
884 885 38
885 886 87
886 887 38
887 888 89
888 889 82
889 890 24
890 891 95
891 892 91
892 893 99
893 894 60
894 895 76
895 896 36
896 897 38
897 898 71
898 899 9
899 900 49
900 901 78
901 902 38
902 903 56
903 904 71
904 905 43
905 906 25
906 907 91
907 908 34
908 909 12
909 910 44
910 911 50
911 912 26
912 913 2
913 914 41
914 915 47
915 916 58
916 917 6
917 918 75
918 919 12
919 920 77
920 921 12
921 922 83
922 923 65
923 924 75
924 925 75
925 926 69
926 927 59
927 928 24
928 929 97
929 930 41
930 931 38
931 932 48
932 933 29
933 934 9
934 935 87
935 936 53
936 937 23
937 938 44
938 939 97
939 940 81
940 941 2
941 942 98
942 943 97
943 944 56
944 945 5
945 946 33
946 947 90
947 948 5
948 949 53
949 950 93
950 951 100
951 952 92
952 953 8
953 954 26
954 955 56
955 956 70
956 957 97
957 958 8
958 959 53
959 960 17
960 961 63
961 962 22
962 963 70
963 964 30
964 965 46
965 966 100
966 967 63
967 968 70
968 969 59
969 970 39
970 971 91
971 972 74
972 973 5
973 974 92
974 975 29
975 976 96
976 977 96
977 978 6
978 979 90
979 980 40
980 981 46
981 982 11
982 983 63
983 984 34
984 985 28
985 986 17
986 987 19
987 988 65
988 989 47
989 990 39
990 991 36
991 992 23
992 993 59
993 994 27
994 995 8
995 996 37
996 997 98
997 998 26
998 999 99
453 698 4
536 279 31
411 813 61
684 270 17
133 910 8
822 940 95
416 725 59
613 919 42
82 932 88
866 551 5
164 26 42
376 777 82
480 987 99
150 376 60
749 380 40
969 829 85
569 838 7
468 36 42
133 273 2
56 75 87
691 812 54
999 749 100
913 555 59
768 726 95
757 849 38
247 241 46
205 129 26
954 274 61
207 228 88
671 756 62
46 358 27
113 22 68
498 520 48
772 831 53
307 852 82
551 967 57
88 876 80
403 589 14
480 28 43
755 784 63
639 704 81
212 903 14
617 14 99
350 608 59
636 392 56
437 91 91
726 348 55
513 450 79
910 396 30
622 523 87
697 949 80
147 459 93
842 492 77
258 66 46
45 980 63
492 347 33
209 633 58
240 341 8
537 128 47
128 584 16
400 138 70
640 180 19
696 345 42
896 874 48
515 667 98
172 601 20
223 40 83
168 345 28
347 177 4
88 548 13
534 460 36
206 894 37
128 503 34
690 321 4
92 799 49
627 687 9
511 873 16
920 377 7
2 276 87
806 84 75
597 184 99
209 536 38
924 484 24
618 759 37
531 462 73
747 62 4
147 252 14
713 687 90
844 511 75
532 30 11
867 447 36
532 397 25
104 269 74
377 182 3
563 322 85
211 89 33
535 119 24
890 342 60
473 679 36
789 648 50
479 86 59
537 736 59
557 745 59
431 564 13
378 283 34
363 899 65
607 570 25
356 498 99
330 605 94
237 7 11
225 152 37
245 487 17
850 186 9
285 805 18
55 896 85
80 51 53
18 410 70
982 997 12
896 397 58
969 917 87
5 817 98
257 490 18
722 668 83
929 718 56
535 571 48
279 838 77
205 187 97
323 710 43
199 507 74
242 529 12
707 610 77
288 87 59
506 154 94
481 320 54
593 51 37
336 454 14
548 63 55
989 201 33
684 809 9
254 138 69
2 760 12
595 473 48
606 411 80
348 106 93
850 830 75
965 408 13
932 730 100
938 205 19
379 66 93
741 721 58
48 841 79
139 827 80
750 201 80
163 825 17
186 814 24
665 633 53
907 358 32
877 588 40
682 816 46
439 713 38
899 462 63
301 539 75
438 502 58
232 355 90
391 383 54
543 66 91
229 624 55
116 431 94
332 627 74
334 693 14
166 794 88
620 495 54
741 893 58
788 997 16
752 311 71
248 778 75
143 33 21
569 714 77
493 876 76
342 102 83
536 110 38
846 457 13
603 397 51
797 539 15
486 229 41
722 771 73
12 641 60
693 565 55
716 251 60
345 826 19
959 908 35
583 227 41
423 462 29
947 614 16
911 586 14
505 100 62
256 18 73
872 592 94
102 565 92
696 790 93
23 707 66
152 771 58
374 606 7
424 77 74
104 934 85
925 910 46
122 113 24
984 165 84
186 124 84
920 332 87
311 518 23
591 607 40
379 54 75
335 205 81
787 4 61
333 114 40
414 537 87
919 922 35
465 346 49
737 918 46
587 224 4
452 912 15
248 176 58
498 165 42
33 914 32
362 780 59
277 632 23
13 212 67
515 178 98
961 458 15
557 414 87
85 535 100
184 502 30
595 309 7
397 749 43
209 799 90
349 205 47
190 624 4
377 472 84
564 587 7
294 775 72
453 527 53
534 440 49
400 497 56
765 155 11
181 334 87
75 946 76
373 272 28
897 643 53
408 800 3
978 156 84
715 866 66
407 27 56
221 253 24
196 671 51
19 595 11
339 799 57
178 887 66
556 238 73
99 805 25
988 722 61
855 806 84
962 397 95
668 141 21
406 293 33
896 86 2
633 85 74
207 848 3
122 181 88
583 642 43
703 892 92
817 624 35
335 259 83
379 363 60
34 268 84
624 345 41
773 552 37
436 861 30
219 948 98
763 779 15
114 868 57
487 985 90
471 799 19
425 484 3
512 268 75
541 698 64
402 257 22
139 645 84
421 984 14
525 900 18
691 272 69
18 822 92
529 117 82
576 498 28
67 554 41
651 497 83
720 206 11
10 140 14
263 900 27
873 732 60
250 600 64
665 494 18
573 914 84
418 404 39
770 518 43
46 353 17
958 738 19
82 90 61
770 245 7
389 837 29
437 355 92
719 721 30
610 566 95
476 396 67
954 936 14
732 483 22
269 31 54
262 162 60
841 51 85
496 955 60
154 334 63
770 474 11
344 75 36
728 412 50
704 688 60
434 459 25
75 819 8
799 2 70
967 272 1
590 103 37
314 91 81
917 962 14
790 950 70
446 521 19
86 541 96
872 758 74
638 806 76
658 724 70
637 849 99
249 903 49
646 221 70
987 51 95
669 39 5
705 588 93
999 180 56
567 473 92
312 33 13
697 731 30
192 924 12
971 421 95
795 474 75
862 54 85
455 319 53
828 644 4
650 596 37
230 560 13
481 76 89
696 530 34
441 724 41
65 572 32
803 539 54
790 661 32
737 625 53
885 426 62
876 232 42
24 461 88
990 21 1
874 185 53
383 939 94
798 70 100
9 350 6
767 88 41
37 479 48
627 580 88
271 984 40
768 91 42
336 421 53
737 732 24
3 110 47
354 297 29
852 296 72
233 589 5
277 17 92
987 45 43
109 384 40
679 124 22
956 949 80
786 258 9
588 417 99
879 884 95
600 467 91
613 989 17
743 991 7
231 401 95
837 649 24
607 830 52
120 230 5
176 384 23
36 186 96
779 826 36
800 57 63
969 216 89
518 927 60
994 525 18
260 396 52
758 491 70
996 153 90
815 463 23
622 223 75
536 34 60
894 580 87
91 457 88
391 265 28
129 476 89
44 955 86
862 35 81
329 655 94
550 735 9
281 408 26
372 5 26
695 723 5
495 532 9
962 220 11
683 894 8
991 851 7
495 882 49
516 592 91
824 571 35
662 678 55
565 864 27
733 878 53
797 868 66
245 850 16
867 160 71
334 837 24
697 930 69
105 618 70
752 189 16
881 880 97
871 465 3
879 825 1
128 819 34
228 743 91
160 1 82
556 832 76
507 258 1
193 287 9
616 326 99
559 631 12
259 376 64
9 539 82
779 128 11
283 761 2
541 432 97
840 341 40
632 179 94
753 102 79
937 173 69
770 67 95
300 166 71
708 582 48
345 57 63
74 45 86
871 990 98
676 968 45
749 647 14
594 758 39
24 65 3
821 323 38
488 818 78
252 683 1
445 158 28
468 997 95
426 102 46
854 163 53
794 825 70
298 220 84
82 772 69
230 654 14
273 868 96
963 151 4
432 731 95
909 419 86
638 964 40
760 274 45
983 311 41
320 894 73
229 745 22
200 31 87
651 714 37
562 864 48
473 543 97
159 185 21
868 91 78
153 770 46
844 530 77
17 626 80
131 294 4
911 920 97
616 185 80
462 481 1
117 598 13
607 685 25
430 558 21
225 491 17
64 651 59
325 268 60
797 433 32
984 455 15
11 464 8
680 392 40
479 974 61
721 291 66
694 757 87
952 779 91
39 724 49
749 104 15
242 102 99
570 142 2
498 482 62
210 702 35
559 775 1
941 326 8
517 534 9
882 350 9
33 824 8
357 396 33
132 977 57
200 689 70
800 821 21
41 167 68
104 951 64
124 706 90
31 594 94
616 51 62
541 298 71
935 870 95
714 625 81
783 339 62
814 484 9
660 894 56
547 597 82
783 452 49
643 40 53
163 731 44
81 724 7
593 247 66
159 479 88
615 219 33
975 470 34
744 182 88
789 433 66
43 498 17
555 20 72
653 228 34
996 542 98
493 650 9
199 403 69
220 72 42
30 203 26
840 462 18
868 960 73
415 742 85
425 628 35
735 371 77
987 504 5
543 867 52
578 588 44
29 725 40
486 606 88
597 900 80
421 655 28
992 592 29
912 359 22
383 622 47
631 835 74
235 131 78
715 405 91
601 179 64
237 372 98
512 180 42
854 69 50
437 247 10
870 405 45
592 514 58
359 662 60
95 163 66
391 312 97
399 258 86
656 9 33
588 773 60
130 396 97
237 453 24
236 883 8
442 169 34
519 448 34
669 828 15
430 449 25
587 617 95
706 252 17
359 167 38
36 605 74
356 663 54
474 781 85
705 805 45
585 864 87
558 205 54
111 34 27
986 57 13
531 231 94
51 39 65
122 224 46
180 933 9
316 103 51
584 41 69
148 397 99
479 965 69
4 17 96
323 639 98
867 580 46
254 515 53
488 342 67
532 139 13
29 132 31
143 704 94
201 732 68
162 969 19
93 730 68
156 443 24
868 963 18
255 692 67
838 978 95
374 683 2
497 244 62
830 868 87
570 768 4
113 930 80
689 918 68
600 215 95
658 826 40
666 651 58
106 348 66
159 999 61
48 318 98
866 406 100
870 752 79
90 567 29
738 109 88
650 404 77
327 925 67
438 807 91
762 877 80
317 435 87
817 375 13
296 544 65
5 328 33
630 366 61
396 563 70
380 388 55
448 596 24
545 373 45
227 14 8
587 603 17
668 642 62
759 463 51
379 542 87
951 519 85
479 914 3
813 341 11
380 148 40
526 580 25
533 476 61
394 764 55
812 746 72
715 955 53
195 430 1
896 647 8
898 954 25
654 927 39
60 197 94
479 351 20
101 166 49
617 256 53
284 670 31
929 803 54
539 580 32
89 610 72
716 399 28
976 413 83
121 522 19
123 681 86
181 799 53
184 709 30
106 793 57
185 256 92
962 424 49
87 805 82
550 373 5
526 633 12
951 2 61
637 819 52
884 593 23
793 212 65
610 174 42
360 839 91
900 769 36
556 236 26
780 302 28
731 822 86
423 671 67
809 95 77
623 149 46
423 586 16
168 235 74
869 862 48
216 535 10
178 23 32
641 230 61
206 546 64
231 256 40
632 594 6
496 141 99
274 136 60
695 675 41
442 428 45
717 724 70
15 991 35
128 818 11
603 724 34
578 905 28
772 79 27
85 645 90
595 191 41
323 366 23
343 354 62
69 442 52
831 67 67
800 69 24
640 540 28
880 592 66
680 532 24
324 456 34
190 669 6
994 378 67
362 557 100
730 446 47
333 60 59
562 88 96
961 175 64
690 754 21
170 535 41
96 422 46
821 756 1
347 300 67
981 795 48
927 382 24
119 399 98
152 20 100
737 927 77
539 243 85
671 520 10
623 257 9
787 755 87
127 608 83
506 782 16
708 63 4
117 303 23
263 341 37
380 87 35
936 239 56
509 305 83
396 279 45
942 600 88
515 161 92
786 496 58
992 566 86
391 208 51
930 397 12
539 817 63
380 674 88
532 868 73
805 141 80
211 304 82
80 322 41
22 173 16
694 223 35
957 975 58
640 932 83
575 132 48
862 313 93
606 487 14
606 898 77
829 174 32
502 952 40
825 146 67
367 121 7
478 25 51
135 232 97
79 549 78
965 122 44
594 311 94
506 876 44
277 105 86
640 0 22
17 619 61
650 364 16
386 61 57
780 191 46
211 58 49
994 754 6
619 695 30
983 430 24
170 142 8
121 782 31
265 101 18
692 691 7
618 509 64
996 228 82
232 615 23
306 173 63
655 527 85
426 724 14
792 886 41
449 654 20
354 367 53
414 481 83
176 733 39
769 963 2
248 416 14
481 418 2
790 259 59
760 680 14
189 535 62
215 323 2
834 241 63
975 198 81
64 959 5
487 371 11
265 547 65
454 499 85
266 98 15
488 127 16
864 324 25
737 651 48
810 375 62
394 859 46
392 785 96
892 133 96
102 786 66
315 942 69
808 437 8
254 279 85
930 38 26
901 781 47
825 637 50
659 386 90
450 636 23
613 889 7
450 518 89
150 105 74
988 512 45
680 47 5
38 84 75
716 659 8
802 71 11
12 35 96
508 737 39
353 461 30
991 349 98
774 942 67
783 185 36
174 412 10
549 660 84
764 68 27
424 20 9
82 514 97
898 295 79
769 227 63
975 381 67
205 10 13
255 615 27
774 69 65
959 530 48
41 895 97
322 798 13
292 474 98
113 601 49
582 920 75
520 811 62
656 156 13
43 338 12
928 598 23
95 372 38
432 550 44
388 612 17
943 273 25
928 121 68
197 496 89
12 645 100
285 671 82
316 861 88
846 258 92
544 252 64
755 221 47
978 841 75
728 557 78
180 656 6
177 320 55
753 984 27
937 539 5
727 164 11
131 685 73
91 817 97
213 488 51
150 840 35
732 413 55
758 590 75
508 611 30
105 565 16
688 93 88
577 636 88
761 433 17
160 461 56
9 811 25
741 726 89
991 277 10
193 401 88
800 657 21
310 555 75
733 815 62
614 188 69
355 375 79
538 554 53
5 848 77
839 35 84
745 11 21
749 958 76
367 678 33
756 148 85
305 470 88
502 996 13
368 385 45
643 722 79
886 217 60
137 391 67
412 1 70
178 3 3
619 166 36
181 794 39
92 402 59
874 480 52
642 723 7
104 579 23
561 702 57
52 603 49
676 599 81
602 269 3
825 322 50
636 77 15
58 695 34
745 784 99
707 209 79
825 517 53
440 373 15
122 328 74
434 235 9
371 220 7
598 801 74
766 998 74
933 299 65
173 421 64
636 496 79
178 118 69
409 991 84
747 383 74
571 950 59
202 184 57
362 979 34
165 26 71
24 585 84
586 273 70
518 929 30
782 940 6
259 852 43
225 872 38
841 461 19
480 802 44
458 937 49
706 133 64
80 49 73
903 496 91
436 780 73
7 765 6
158 225 62
131 135 40
751 922 66
472 956 2
68 282 6
44 282 4
261 275 25
275 906 79
