500 2500
0 1 38
1 2 80
2 3 96
3 4 19
4 5 74
5 6 78
6 7 60
7 8 60
8 9 16
9 10 45
10 11 16
11 12 10
12 13 6
13 14 46
14 15 87
15 16 34
16 17 61
17 18 15
18 19 71
19 20 66
20 21 3
21 22 6
22 23 97
23 24 73
24 25 84
25 26 94
26 27 22
27 28 1
28 29 19
29 30 100
30 31 19
31 32 62
32 33 31
33 34 62
34 35 53
35 36 1
36 37 44
37 38 3
38 39 30
39 40 53
40 41 62
41 42 40
42 43 14
43 44 5
44 45 30
45 46 98
46 47 37
47 48 24
48 49 46
49 50 10
50 51 79
51 52 62
52 53 20
53 54 39
54 55 52
55 56 99
56 57 60
57 58 47
58 59 5
59 60 86
60 61 61
61 62 69
62 63 18
63 64 46
64 65 7
65 66 2
66 67 95
67 68 95
68 69 97
69 70 57
70 71 81
71 72 39
72 73 31
73 74 2
74 75 10
75 76 24
76 77 69
77 78 25
78 79 45
79 80 69
80 81 13
81 82 61
82 83 50
83 84 84
84 85 4
85 86 18
86 87 91
87 88 40
88 89 26
89 90 19
90 91 67
91 92 76
92 93 32
93 94 43
94 95 53
95 96 21
96 97 55
97 98 57
98 99 19
99 100 4
100 101 97
101 102 85
102 103 78
103 104 45
104 105 94
105 106 40
106 107 90
107 108 93
108 109 60
109 110 73
110 111 93
111 112 33
112 113 9
113 114 58
114 115 20
115 116 53
116 117 5
117 118 97
118 119 33
119 120 85
120 121 39
121 122 75
122 123 28
123 124 54
124 125 83
125 126 59
126 127 36
127 128 97
128 129 29
129 130 61
130 131 55
131 132 28
132 133 15
133 134 30
134 135 81
135 136 17
136 137 8
137 138 2
138 139 99
139 140 43
140 141 78
141 142 40
142 143 20
143 144 30
144 145 1
145 146 2
146 147 82
147 148 20
148 149 71
149 150 72
150 151 73
151 152 80
152 153 78
153 154 61
154 155 8
155 156 93
156 157 36
157 158 66
158 159 12
159 160 92
160 161 87
161 162 86
162 163 63
163 164 45
164 165 34
165 166 10
166 167 7
167 168 38
168 169 32
169 170 67
170 171 33
171 172 67
172 173 73
173 174 60
174 175 64
175 176 28
176 177 89
177 178 57
178 179 48
179 180 39
180 181 12
181 182 98
182 183 72
183 184 85
184 185 77
185 186 73
186 187 57
187 188 24
188 189 78
189 190 26
190 191 50
191 192 5
192 193 53
193 194 72
194 195 43
195 196 12
196 197 3
197 198 44
198 199 11
199 200 21
200 201 4
201 202 90
202 203 64
203 204 48
204 205 32
205 206 57
206 207 51
207 208 70
208 209 91
209 210 14
210 211 25
211 212 61
212 213 42
213 214 54
214 215 76
215 216 21
216 217 23
217 218 95
218 219 8
219 220 60
220 221 29
221 222 70
222 223 17
223 224 89
224 225 93
225 226 63
226 227 81
227 228 30
228 229 64
229 230 11
230 231 88
231 232 46
232 233 81
233 234 22
234 235 19
235 236 42
236 237 90
237 238 89
238 239 54
239 240 33
240 241 81
241 242 13
242 243 90
243 244 36
244 245 32
245 246 91
246 247 12
247 248 28
248 249 23
249 250 65
250 251 43
251 252 1
252 253 82
253 254 36
254 255 87
255 256 31
256 257 1
257 258 17
258 259 52
259 260 54
260 261 42
261 262 49
262 263 23
263 264 70
264 265 12
265 266 27
266 267 34
267 268 25
268 269 95
269 270 17
270 271 33
271 272 22
272 273 52
273 274 56
274 275 71
275 276 41
276 277 37
277 278 7
278 279 98
279 280 26
280 281 97
281 282 25
282 283 26
283 284 70
284 285 50
285 286 72
286 287 31
287 288 15
288 289 29
289 290 100
290 291 4
291 292 27
292 293 61
293 294 98
294 295 51
295 296 42
296 297 6
297 298 4
298 299 28
299 300 35
300 301 91
301 302 64
302 303 24
303 304 69
304 305 15
305 306 54
306 307 49
307 308 45
308 309 99
309 310 56
310 311 25
311 312 60
312 313 68
313 314 9
314 315 77
315 316 37
316 317 24
317 318 25
318 319 73
319 320 81
320 321 37
321 322 48
322 323 64
323 324 99
324 325 64
325 326 40
326 327 54
327 328 82
328 329 10
329 330 80
330 331 84
331 332 16
332 333 33
333 334 51
334 335 19
335 336 70
336 337 5
337 338 86
338 339 60
339 340 33
340 341 68
341 342 23
342 343 2
343 344 72
344 345 52
345 346 81
346 347 23
347 348 35
348 349 65
349 350 10
350 351 18
351 352 95
352 353 70
353 354 40
354 355 39
355 356 52
356 357 94
357 358 84
358 359 14
359 360 68
360 361 35
361 362 74
362 363 12
363 364 21
364 365 93
365 366 55
366 367 88
367 368 70
368 369 26
369 370 23
370 371 66
371 372 18
372 373 82
373 374 99
374 375 56
375 376 52
376 377 53
377 378 27
378 379 25
379 380 100
380 381 10
381 382 97
382 383 90
383 384 56
384 385 91
385 386 89
386 387 64
387 388 19
388 389 34
389 390 28
390 391 35
391 392 71
392 393 73
393 394 85
394 395 90
395 396 86
396 397 89
397 398 41
398 399 78
399 400 89
400 401 65
401 402 86
402 403 9
403 404 94
404 405 17
405 406 79
406 407 90
407 408 67
408 409 61
409 410 59
410 411 1
411 412 38
412 413 11
413 414 95
414 415 67
415 416 98
416 417 1
417 418 29
418 419 17
419 420 31
420 421 55
421 422 49
422 423 70
423 424 45
424 425 66
425 426 100
426 427 23
427 428 18
428 429 72
429 430 2
430 431 24
431 432 50
432 433 33
433 434 18
434 435 75
435 436 37
436 437 65
437 438 75
438 439 85
439 440 73
440 441 66
441 442 31
442 443 57
443 444 55
444 445 10
445 446 51
446 447 37
447 448 64
448 449 27
449 450 26
450 451 25
451 452 59
452 453 98
453 454 98
454 455 40
455 456 49
456 457 90
457 458 91
458 459 64
459 460 44
460 461 80
461 462 36
462 463 51
463 464 65
464 465 58
465 466 67
466 467 50
467 468 87
468 469 20
469 470 24
470 471 73
471 472 50
472 473 29
473 474 58
474 475 3
475 476 77
476 477 65
477 478 5
478 479 18
479 480 100
480 481 95
481 482 47
482 483 96
483 484 28
484 485 92
485 486 89
486 487 38
487 488 75
488 489 2
489 490 96
490 491 93
491 492 34
492 493 43
493 494 56
494 495 97
495 496 58
496 497 97
497 498 99
498 499 86
37 147 31
192 95 86
134 158 49
84 186 56
197 468 85
348 465 58
35 48 21
307 335 100
179 70 26
259 147 88
161 370 85
348 68 71
354 179 56
146 148 81
209 405 26
433 305 92
40 255 1
250 313 80
97 324 8
350 198 80
25 445 89
168 13 38
289 46 44
289 336 4
164 232 16
271 490 29
419 295 87
15 125 4
19 411 31
180 268 13
163 261 83
384 135 22
482 311 46
42 421 6
97 265 42
270 349 64
69 363 14
487 484 52
357 161 5
397 199 28
216 219 75
39 125 3
92 481 9
417 214 70
344 204 6
86 457 16
221 125 24
274 46 72
91 330 94
139 319 96
258 368 66
277 217 62
365 209 5
123 283 36
79 378 13
7 170 12
45 23 10
20 155 86
489 351 18
237 8 10
381 245 81
236 173 18
232 216 65
199 24 62
474 317 89
22 130 38
7 312 94
251 250 86
269 329 69
81 307 8
471 321 95
13 433 59
318 470 81
287 338 39
286 321 13
229 405 55
410 470 63
193 410 97
325 452 21
97 136 7
107 50 38
9 19 10
309 341 34
35 327 32
192 422 69
11 170 82
130 140 50
59 346 70
174 314 94
438 19 74
208 401 97
141 273 18
211 375 57
403 287 100
365 206 13
186 125 78
290 170 87
465 280 86
119 214 68
375 369 76
119 51 38
451 267 51
248 413 39
160 148 90
49 194 6
5 479 91
423 45 36
159 478 96
338 475 49
286 246 64
41 224 10
146 301 33
276 336 22
376 473 80
390 394 12
45 465 50
487 28 100
274 27 45
368 443 55
175 352 12
484 71 69
380 418 62
433 50 84
42 213 71
111 36 40
410 445 71
73 40 52
42 116 99
290 187 87
185 440 82
118 473 91
493 295 76
175 188 71
41 240 78
188 279 71
212 124 91
165 55 44
246 126 2
202 234 58
28 370 12
383 58 83
324 372 75
340 291 24
481 200 38
238 142 9
434 264 23
218 481 81
6 488 97
278 21 33
445 21 53
462 496 92
36 126 56
347 484 8
261 83 63
108 347 30
227 497 63
348 292 39
450 368 5
457 140 96
475 28 90
197 227 11
310 167 28
84 94 65
231 194 36
114 291 27
38 180 98
129 493 46
349 16 54
139 154 42
406 301 69
135 81 14
455 38 83
470 474 42
362 290 62
459 209 9
466 438 87
275 22 17
13 205 38
388 405 49
493 492 16
188 297 75
190 196 97
414 421 57
419 31 47
18 207 14
136 6 6
37 432 70
406 267 100
374 498 92
277 292 77
363 472 76
424 188 25
120 225 21
64 125 96
137 303 21
114 439 68
378 309 5
179 134 12
11 335 50
260 238 78
415 260 31
426 408 56
483 280 9
438 395 41
294 67 49
14 210 76
392 310 64
352 402 22
451 68 62
7 490 36
304 294 64
196 277 44
45 452 73
174 273 52
225 391 92
198 148 63
261 431 70
474 398 15
229 463 85
246 384 26
33 229 5
490 310 50
173 164 21
316 289 25
170 37 54
64 230 13
292 75 41
69 348 65
348 172 42
448 437 48
257 333 98
86 300 20
111 20 83
84 172 28
173 88 4
44 274 13
267 230 36
103 447 37
64 251 34
345 160 4
46 399 49
313 343 9
255 436 16
460 188 7
1 138 87
403 42 75
298 92 99
104 268 38
462 242 24
309 379 37
265 231 73
373 31 4
73 126 14
356 343 90
422 255 75
266 15 11
433 223 36
266 198 25
52 134 74
188 91 3
281 161 85
105 44 33
267 59 24
445 171 60
236 339 36
394 324 50
239 43 59
268 368 59
278 372 59
215 282 13
189 141 34
181 449 65
303 285 25
178 249 99
165 302 94
118 3 11
112 76 37
122 243 17
425 93 9
142 402 18
27 448 85
40 25 53
9 205 70
491 498 12
448 198 58
484 458 87
2 408 98
128 245 18
361 334 83
464 359 56
267 285 48
139 419 77
102 93 97
161 355 43
99 253 74
121 264 12
353 305 77
144 43 59
253 77 94
240 160 54
296 25 37
168 227 14
274 31 55
494 100 33
342 404 9
127 69 69
1 380 12
297 236 48
303 205 80
174 53 93
425 415 75
482 204 13
466 365 100
469 102 19
189 33 93
370 360 58
24 420 79
69 413 80
375 100 80
81 412 17
93 407 24
332 316 53
453 179 32
438 294 40
341 408 46
219 356 38
449 231 63
150 269 75
219 251 58
116 177 90
195 191 54
271 33 91
114 312 55
58 215 94
166 313 74
167 346 14
83 397 88
310 247 54
370 446 58
394 498 16
376 155 71
124 389 75
71 16 21
284 357 77
246 438 76
171 51 83
268 55 38
423 228 13
301 198 51
398 269 15
243 114 41
361 385 73
6 320 60
346 282 55
358 125 60
172 413 19
479 454 35
291 113 41
211 231 29
473 307 16
455 293 14
252 50 62
128 9 73
436 296 94
51 282 92
348 395 93
11 353 66
76 385 58
187 303 7
212 38 74
52 467 85
462 455 46
61 56 24
492 82 84
93 62 84
460 166 87
155 259 23
295 303 40
189 27 75
167 102 81
393 2 61
166 57 40
207 268 87
459 461 35
232 173 49
368 459 46
293 112 4
226 456 15
124 88 58
249 82 42
16 457 32
181 390 59
138 316 23
6 106 67
257 89 98
480 229 15
278 207 87
42 267 100
92 251 30
297 154 7
198 374 43
104 399 90
174 102 47
95 312 4
188 236 84
282 293 7
147 387 72
226 263 53
267 220 49
200 248 56
382 77 11
90 167 87
37 473 76
186 136 28
448 321 53
204 400 3
489 78 84
357 433 66
203 13 56
110 126 24
98 335 51
9 297 11
169 399 57
89 443 66
278 119 73
49 402 25
494 361 61
427 403 84
481 198 95
334 70 21
203 146 33
448 43 2
316 42 74
103 424 3
61 90 88
291 321 43
351 446 92
408 312 35
167 129 83
189 181 60
17 134 84
312 172 41
386 276 37
218 430 30
109 474 98
381 389 15
57 434 57
243 492 90
235 399 19
212 242 3
256 134 75
316 201 26
109 69 65
417 210 99
66 262 91
85 345 28
341 9 83
457 264 12
407 288 50
137 33 56
202 325 50
414 360 21
53 5 15
68 131 91
133 436 74
298 125 61
316 332 50
87 286 92
419 209 41
191 385 52
211 23 36
83 479 74
92 41 10
301 385 25
34 194 84
144 218 36
457 359 73
148 305 57
474 238 40
331 477 94
67 366 49
107 134 4
269 131 17
297 420 6
423 248 96
298 77 34
311 385 48
53 172 8
175 364 42
247 352 69
299 217 46
123 37 82
38 399 1
347 483 28
2 295 11
180 157 10
403 458 97
68 395 96
345 223 53
92 43 55
479 436 76
366 319 81
379 329 73
346 318 85
490 124 91
244 323 23
346 493 6
472 334 4
22 352 59
462 499 19
277 283 48
457 156 4
60 348 74
148 96 93
57 485 43
472 397 48
372 431 6
422 227 32
261 414 65
18 325 60
182 115 57
60 240 8
442 348 54
169 220 73
202 32 58
157 401 54
269 395 67
159 368 63
260 442 43
307 438 24
208 12 47
435 495 3
0 437 19
264 191 94
466 399 8
498 4 36
26 383 9
200 18 48
239 313 59
436 135 99
199 384 10
208 168 43
261 368 74
119 1 12
233 177 30
143 426 30
357 116 59
21 138 2
455 493 5
213 54 39
195 339 13
109 478 95
398 393 26
44 294 42
491 439 89
472 300 47
451 306 99
83 371 100
32 115 41
471 418 65
115 303 84
256 60 24
23 88 39
110 18 19
478 389 83
175 400 6
314 484 22
441 259 93
298 497 53
86 130 40
257 379 50
348 498 16
448 407 47
112 311 23
373 268 4
296 447 59
430 45 46
438 195 27
136 64 48
444 22 96
426 431 4
404 164 66
465 275 74
43 140 41
126 186 1
129 347 73
24 247 54
40 481 23
54 341 90
38 495 86
30 247 89
240 258 60
453 412 58
173 331 68
271 282 87
133 366 88
260 398 87
329 122 86
78 433 17
354 167 84
119 348 94
340 52 62
349 376 19
79 440 89
480 435 47
14 439 83
2 64 82
167 114 75
454 80 1
408 278 84
378 253 26
3 96 29
42 308 33
490 279 64
57 129 38
317 4 54
409 389 13
53 141 77
9 270 44
481 420 35
196 316 18
466 376 11
394 468 18
343 385 7
473 150 17
354 385 7
354 291 48
172 28 63
37 22 86
486 338 97
222 374 65
65 297 76
191 12 7
11 410 33
185 244 82
385 126 69
0 222 16
136 234 100
472 213 11
225 427 17
263 397 83
346 149 23
419 41 78
340 115 66
65 136 87
475 481 16
15 216 74
471 454 42
428 319 97
198 380 28
221 491 32
204 160 90
362 114 75
106 100 4
434 325 72
184 281 87
271 484 16
92 101 87
45 388 16
385 226 85
265 380 2
313 398 14
147 16 92
460 483 62
92 398 47
240 0 12
299 62 61
342 123 44
279 100 23
245 80 7
325 290 33
134 295 80
216 155 99
227 74 2
232 36 69
239 487 61
360 145 66
347 378 87
476 389 91
19 362 49
374 52 15
121 51 99
285 71 2
249 241 62
105 351 35
279 387 1
470 163 8
258 267 9
441 175 9
16 412 8
178 198 33
66 488 57
100 344 70
400 410 21
20 83 68
52 475 64
62 353 90
15 297 94
308 25 62
270 149 71
467 435 95
357 312 81
391 169 62
407 242 9
330 447 56
273 298 82
391 226 49
321 20 53
81 365 44
40 362 7
296 123 66
79 239 88
307 109 33
487 235 34
372 91 88
394 216 66
21 249 17
277 10 72
326 114 34
498 271 98
246 325 9
99 201 69
110 36 42
15 101 26
420 231 18
434 480 73
207 371 85
212 314 35
367 185 77
493 252 5
271 433 52
289 294 44
14 362 40
243 303 88
298 450 80
210 327 28
496 296 29
456 179 22
191 311 47
315 417 74
117 65 78
357 202 91
300 89 64
118 186 98
256 90 42
427 34 50
218 123 10
435 202 45
296 257 58
179 331 60
47 81 66
195 156 97
199 129 86
328 4 33
294 386 60
65 198 97
118 226 24
118 441 8
221 84 34
259 224 34
334 414 15
215 224 25
293 308 95
353 126 17
179 83 38
18 302 74
178 331 54
237 390 85
223 292 87
434 279 21
269 55 4
134 493 6
61 265 24
468 25 4
320 61 23
226 90 94
44 158 11
253 292 5
344 74 40
493 239 97
342 2 2
475 161 64
486 433 59
227 127 52
260 244 35
333 266 14
62 14 14
153 71 71
469 100 74
336 81 97
94 46 74
336 78 45
117 434 97
88 127 70
330 419 98
472 187 69
8 248 25
308 415 87
432 285 77
15 56 94
397 344 92
338 300 22
470 329 83
196 333 66
288 53 35
328 79 100
302 24 32
488 433 41
496 435 76
391 45 57
144 369 11
439 325 41
382 163 93
333 219 81
450 381 88
398 158 44
434 408 38
60 148 55
324 2 33
162 315 37
304 198 57
347 190 39
274 224 60
118 272 38
222 113 2
36 293 61
84 334 65
231 250 38
271 431 96
259 423 48
457 12 82
170 54 39
74 199 53
290 123 54
238 303 40
382 274 82
373 359 72
477 260 2
411 97 44
3 448 65
35 449 96
121 327 93
190 30 20
467 239 36
97 50 17
242 308 26
261 142 68
153 464 81
266 269 59
155 44 62
199 136 98
206 411 13
261 90 13
340 429 19
399 262 19
354 147 11
396 283 19
128 458 97
212 241 9
402 407 56
186 21 53
316 56 96
1 300 64
409 257 89
296 114 80
106 323 62
87 205 37
419 452 91
384 176 56
118 127 79
151 137 74
411 425 43
335 333 81
47 383 63
74 225 43
293 76 17
117 368 87
431 236 22
267 47 18
11 156 65
103 273 64
115 128 40
316 297 6
248 70 99
137 68 60
347 337 41
221 214 45
358 362 70
7 495 35
64 409 11
301 362 34
289 452 28
386 39 27
42 322 90
297 95 41
161 183 23
171 177 62
34 221 52
415 33 67
400 34 24
320 270 28
440 296 66
340 266 24
162 228 34
95 334 6
497 189 67
181 278 100
365 223 47
166 30 59
281 44 96
480 87 64
345 377 21
85 267 41
48 211 46
410 378 1
173 150 67
490 397 48
463 191 24
59 199 98
76 10 100
368 463 77
269 121 85
335 260 10
311 128 9
393 377 87
63 304 83
253 391 16
354 31 4
58 151 23
131 170 37
190 43 35
468 119 56
254 152 83
198 139 45
471 300 88
257 80 92
393 248 58
496 283 86
195 104 51
465 198 12
269 408 63
190 337 88
266 434 73
402 70 80
105 152 82
40 161 41
11 86 16
347 111 35
478 487 58
320 466 83
287 66 48
431 156 93
303 243 14
303 449 77
414 87 32
251 476 40
412 73 67
183 60 7
239 12 51
67 116 97
39 274 78
482 61 44
297 155 94
253 438 44
138 52 86
320 0 22
8 309 61
325 182 16
193 30 57
390 95 46
105 29 49
497 377 6
309 347 30
491 215 24
85 71 8
60 391 31
132 50 18
346 345 7
309 254 64
498 114 82
116 307 23
153 86 63
327 263 85
213 362 14
396 443 41
224 327 20
177 183 53
207 240 83
88 366 39
384 481 2
124 208 14
240 209 2
395 129 59
380 340 14
94 267 62
107 161 2
417 120 63
487 99 81
32 479 5
243 185 11
132 273 65
227 249 85
133 49 15
244 63 16
432 162 25
368 325 48
405 187 62
197 429 46
196 392 96
446 66 96
51 393 66
157 471 69
404 218 8
127 139 85
465 19 26
450 390 47
412 318 50
329 193 90
225 318 23
306 444 7
225 259 89
75 52 74
494 256 45
340 23 5
19 42 75
358 329 8
401 35 11
6 17 96
254 368 39
176 230 30
495 174 98
387 471 67
391 92 36
87 206 10
274 330 84
382 34 27
212 10 9
41 257 97
449 147 79
384 113 63
487 190 67
102 5 13
127 307 27
387 34 65
479 265 48
20 447 97
161 399 13
146 237 98
56 300 49
291 460 75
260 405 62
328 78 13
21 169 12
464 299 23
47 186 38
216 275 44
194 306 17
471 136 25
464 60 68
98 248 89
6 322 100
142 335 82
158 430 88
423 129 92
272 126 64
377 110 47
489 420 75
364 278 78
90 328 6
88 160 55
376 492 27
468 269 5
363 82 11
65 342 73
45 408 97
106 244 51
75 420 35
366 206 55
379 295 75
254 305 30
52 282 16
344 46 88
288 318 88
380 216 17
80 230 56
4 405 25
370 363 89
495 138 10
96 200 88
400 328 21
155 277 75
366 407 62
307 94 69
177 187 79
269 277 53
2 424 77
419 17 84
372 5 21
374 479 76
183 339 33
378 74 85
152 235 88
251 498 13
184 192 45
321 361 79
443 108 60
68 195 67
206 0 70
89 1 3
309 83 36
90 397 39
46 201 59
437 240 52
32 52 58
112 280 71
280 26 61
243 338 60
402 301 27
11 412 33
249 318 8
74 29 70
167 372 79
490 353 21
394 412 52
260 220 38
73 61 33
367 217 24
44 185 23
31 299 81
367 383 100
366 466 30
321 86 43
248 392 18
59 342 41
495 419 75
191 369 58
475 293 21
92 282 37
489 167 17
13 350 3
292 415 59
136 348 52
464 149 79
470 28 26
426 214 23
436 188 85
230 93 49
401 217 46
468 241 71
66 315 9
24 363 91
248 454 44
390 364 1
382 28 16
112 305 14
67 199 76
461 328 48
478 6 7
141 28 5
141 18 27
137 123 28
453 393 25
487 135 38
379 214 45
422 388 27
32 78 49
426 16 5
31 309 91
280 69 35
266 157 42
385 173 9
449 118 3
366 331 55
481 63 57
441 468 40
26 413 42
393 130 63
365 247 99
489 128 15
327 362 20
95 282 34
231 154 98
473 304 97
174 91 12
11 75 73
112 208 26
44 425 69
280 272 53
490 57 23
430 201 73
395 353 55
271 306 9
113 229 85
242 214 17
70 472 67
424 108 67
48 231 87
205 230 66
374 272 30
31 393 52
55 403 36
229 489 6
396 393 50
100 169 26
436 82 55
165 379 76
377 259 2
102 63 88
329 439 17
435 127 24
473 225 57
492 375 78
278 13 56
32 47 47
171 454 29
269 195 50
399 52 38
328 225 83
198 190 10
387 220 97
97 101 19
261 47 29
178 396 76
288 138 64
156 398 65
197 97 92
448 266 53
78 223 70
278 396 17
158 306 86
181 453 90
138 84 99
253 70 60
101 16 19
181 446 74
327 410 16
156 220 80
307 483 9
428 441 12
401 369 51
159 483 99
208 242 99
61 333 73
317 161 17
498 440 98
213 328 17
64 6 69
279 46 53
14 359 83
445 104 8
189 365 98
93 168 86
148 409 92
270 55 72
379 157 99
235 450 83
325 229 32
178 127 50
409 414 88
167 262 18
122 356 12
412 43 11
359 119 43
70 452 35
369 225 20
374 306 66
217 310 58
176 369 85
403 235 85
489 126 64
15 63 74
338 53 33
157 343 1
34 340 18
83 427 66
113 495 84
36 139 8
321 170 70
433 256 22
152 180 22
34 16 77
151 204 66
379 469 91
435 116 77
403 394 6
332 449 27
325 453 88
335 0 57
84 55 39
223 189 47
113 432 39
273 64 39
206 488 81
55 239 43
9 21 43
369 13 92
483 140 13
429 353 30
486 455 83
376 349 81
419 9 99
481 310 73
279 152 63
414 266 29
317 436 45
56 109 71
60 270 7
48 131 25
23 6 57
234 141 31
412 299 8
148 113 30
365 371 60
24 32 91
438 426 88
333 165 60
170 446 99
92 313 8
265 119 84
397 142 4
214 291 27
497 394 86
286 260 66
31 126 84
110 299 49
57 368 10
262 454 4
334 434 83
32 439 96
285 12 52
347 215 9
158 455 44
232 386 14
300 170 90
82 221 18
303 474 64
222 295 79
351 319 24
338 256 14
52 117 39
393 243 98
326 131 96
135 300 48
371 491 51
134 317 41
35 445 26
1 180 4
236 302 5
453 70 24
138 234 98
225 165 48
241 311 20
234 305 45
140 237 21
295 258 54
2 427 1
24 109 84
18 421 11
142 169 47
401 219 58
109 256 40
146 22 94
138 198 82
43 142 62
409 56 54
172 439 51
287 437 3
246 337 71
22 496 46
65 464 28
82 197 39
210 364 42
441 453 68
357 129 61
337 154 30
411 359 96
477 410 73
0 431 64
1 25 72
128 414 6
20 301 88
343 128 12
332 191 81
228 331 37
46 60 60
209 274 76
450 35 41
40 160 36
374 470 42
334 323 68
323 180 89
296 299 2
251 318 14
456 57 62
77 436 18
361 318 13
370 451 53
33 414 54
495 71 83
5 347 43
266 147 45
243 42 58
199 21 92
61 404 56
108 171 47
364 408 66
33 422 39
346 425 43
201 336 8
137 271 31
430 394 60
223 113 80
192 411 46
428 289 92
379 215 10
159 444 59
6 185 38
300 13 71
196 344 53
187 255 17
82 215 65
71 22 90
380 172 95
77 169 3
258 322 38
318 3 35
192 35 80
204 297 32
50 338 85
302 265 37
420 108 59
494 279 46
52 344 17
70 486 49
114 13 98
252 265 97
67 192 10
19 104 4
462 193 42
80 197 3
156 378 15
229 243 29
65 450 84
58 185 96
187 156 48
444 222 61
497 413 55
492 44 29
303 480 16
194 15 39
485 170 78
270 490 16
238 276 54
270 84 77
123 416 84
220 178 31
413 129 71
97 88 6
253 171 68
135 117 97
415 278 55
173 82 59
291 69 100
222 75 63
408 244 21
200 391 100
367 440 31
311 162 57
396 310 47
100 365 40
73 19 86
237 355 55
453 113 14
482 296 91
299 361 36
266 229 87
18 65 75
395 274 13
28 397 69
137 233 88
17 472 97
74 474 47
256 490 10
241 377 87
245 294 31
187 245 29
261 101 57
380 220 39
302 255 92
246 181 58
362 432 90
490 227 41
221 413 61
382 295 58
403 478 48
100 498 11
29 426 1
219 320 85
149 446 25
31 155 89
128 224 4
255 485 63
110 463 74
9 381 48
464 343 4
361 436 70
263 67 64
149 322 36
409 402 34
139 366 22
264 478 80
4 495 100
100 338 100
414 44 30
1 7 5
368 170 84
316 370 7
71 2 76
468 384 83
329 404 77
442 422 71
306 52 9
199 243 73
38 140 41
343 203 3
33 153 35
274 55 64
404 288 95
348 36 1
477 50 53
434 149 69
38 56 51
421 397 25
353 239 6
72 36 72
201 333 30
105 116 87
140 200 81
146 464 16
202 133 91
11 160 59
238 421 23
274 320 22
489 16 61
107 178 42
323 379 13
93 444 72
251 433 45
226 292 83
312 277 8
318 341 53
120 231 72
117 411 31
401 144 56
281 260 12
71 458 78
360 135 41
248 79 29
440 66 83
314 360 6
135 374 41
158 51 1
94 255 79
23 357 28
296 353 90
31 291 84
233 1 35
123 470 75
41 158 94
50 413 37
64 135 57
421 433 32
285 394 91
445 471 44
211 454 38
188 468 97
337 44 12
343 21 50
282 193 94
316 422 71
337 2 14
83 127 72
437 333 19
483 139 77
64 475 68
351 471 30
134 52 48
390 317 65
499 24 11
180 249 96
192 250 87
216 237 46
55 104 64
184 385 37
1 26 86
383 93 42
276 411 42
425 359 22
185 328 87
236 365 89
323 107 80
338 377 61
17 147 40
68 465 66
62 369 74
157 487 65
26 197 69
356 234 20
289 445 9
143 21 37
333 29 83
55 391 52
271 133 10
417 344 2
120 189 92
168 419 2
354 62 95
206 15 50
368 202 34
265 453 60
133 4 73
232 438 97
20 259 40
338 381 32
227 386 27
386 109 53
65 488 86
62 287 2
38 385 39
403 183 13
90 132 44
8 166 30
170 386 74
258 111 35
320 185 58
0 284 30
331 323 55
487 439 85
337 11 55
449 414 79
303 390 30
228 103 40
76 151 90
32 355 23
468 123 61
242 236 75
29 236 68
28 291 96
495 471 24
392 265 100
325 272 65
481 280 8
388 182 21
112 362 20
309 70 90
311 423 79
157 289 28
73 490 82
263 317 91
194 81 68
321 129 81
172 473 92
168 145 73
234 269 90
30 353 69
31 345 15
465 3 50
315 115 45
22 67 42
478 150 53
380 120 36
250 474 68
481 38 63
137 464 81
380 229 55
273 90 44
229 21 57
82 431 45
240 104 90
24 337 85
68 490 100
396 263 86
195 120 66
480 54 20
318 475 50
497 203 72
476 490 53
284 109 26
229 218 92
296 88 8
106 311 2
490 7 20
414 396 74
453 177 95
349 480 40
260 476 98
483 378 40
80 427 48
386 359 31
123 116 65
229 333 79
81 480 57
381 385 86
249 301 2
417 4 79
178 188 93
275 114 81
317 23 23
404 160 18
424 257 73
404 47 26
214 122 3
201 240 90
331 0 12
450 144 16
198 495 92
477 496 50
22 256 77
240 185 64
196 45 76
16 459 6
475 222 58
137 178 63
393 496 26
193 282 58
179 207 66
423 120 91
95 438 92
487 50 3
252 419 23
375 19 23
18 478 18
74 433 68
141 112 96
215 290 72
218 281 59
213 258 33
379 419 29
71 176 44
447 451 95
422 446 41
209 381 79
411 238 89
248 272 21
102 295 26
93 147 34
296 427 4
103 318 8
182 34 30
470 439 51
230 204 10
405 413 84
23 166 73
346 386 78
176 327 83
75 257 88
231 269 5
141 145 43
465 18 40
63 273 77
266 0 60
208 30 53
181 27 73
486 100 23
101 152 2
151 218 24
441 0 6
364 95 97
155 112 74
331 320 75
207 424 76
211 304 31
448 162 82
356 126 82
135 90 13
185 168 91
499 403 41
492 110 76
381 196 55
295 74 67
190 39 42
272 376 71
10 83 27
390 258 59
134 476 63
21 240 27
180 300 95
148 316 72
64 379 57
51 390 52
354 254 18
184 486 94
224 413 16
348 90 72
49 230 81
460 61 70
62 364 86
430 172 28
15 403 6
97 71 35
106 167 67
428 59 71
382 363 68
281 217 95
274 248 32
190 241 17
253 393 39
367 453 39
8 12 79
419 62 2
398 351 62
485 421 44
48 117 56
352 250 82
353 273 54
483 270 6
214 252 31
359 241 87
59 89 97
400 357 56
476 198 23
65 439 87
404 78 68
154 312 30
158 435 82
336 250 80
35 125 32
312 467 58
425 416 99
453 313 2
123 337 17
25 93 55
9 143 40
153 95 36
205 310 94
167 215 74
438 202 61
34 123 79
177 142 9
216 166 69
338 166 8
28 102 38
190 472 99
320 392 68
366 316 12
99 390 42
392 375 61
50 495 28
162 138 95
216 457 99
5 33 46
259 488 18
51 485 55
56 489 41
277 368 19
352 291 43
102 173 52
198 37 27
302 102 52
241 370 27
315 143 55
328 344 97
71 301 60
38 86 8
462 475 7
148 215 10
347 299 46
311 46 65
276 133 65
7 351 97
281 338 46
353 336 62
291 156 53
135 124 60
1 433 18
473 58 11
224 77 62
472 106 74
469 441 1
101 386 59
312 350 38
340 25 41
313 7 39
291 468 26
270 225 94
478 110 40
362 419 62
94 369 68
107 488 67
50 249 1
371 216 33
46 445 75
42 457 81
217 430 26
408 217 52
361 219 1
498 294 23
306 273 64
335 121 71
357 102 10
326 99 82
438 25 74
455 6 3
124 177 22
7 135 8
123 455 7
177 229 43
366 107 61
298 336 60
40 186 96
166 419 89
402 191 83
246 466 29
272 393 21
198 308 52
371 126 74
493 260 30
34 385 38
213 460 21
292 399 54
166 134 87
184 457 90
429 333 4
227 205 64
436 124 64
352 416 43
249 221 54
324 72 94
391 32 42
412 250 30
392 221 60
10 100 31
295 251 41
28 234 50
14 463 22
52 140 77
356 204 2
327 204 27
462 79 12
80 258 8
393 92 95
332 373 89
360 407 83
342 223 12
402 144 1
154 462 25
221 257 56
267 127 36
371 176 8
414 436 79
414 153 22
456 404 96
393 163 64
177 186 51
135 470 24
438 159 11
451 196 8
276 414 51
174 96 53
429 397 68
442 418 35
429 230 75
207 219 2
305 147 17
229 336 42
89 360 70
192 114 49
58 214 17
370 0 87
359 265 74
394 257 30
80 270 9
172 9 42
82 366 90
440 120 13
177 317 11
291 111 12
259 105 61
155 122 17
28 121 40
133 117 34
109 374 96
285 308 99
207 376 43
435 270 68
348 205 71
376 85 21
250 163 42
273 435 58
315 11 54
472 57 70
302 247 12
466 168 44
71 490 70
256 103 12
195 382 90
339 102 78
253 475 42
388 9 62
396 428 7
336 237 41
